000000
000001
000002
000003
000005
000006
000007
000008
000009
000010
000011
000012
000013
000014
000015
000016
000017
000018
000020
000022
000024
000025
000026
000027
000028
000029
000030
000032
000034
000036
000038
000039
000040
000041
000042
000043
000044
000045
000046
000049
000050
000051
000052
000053
000054
000055
000056
000057
000059
000060
000062
000063
000064
000066
000067
000068
000069
000070
000071
000072
000073
000074
000075
000077
000079
000080
000082
000083
000084
000085
000086
000087
000088
000089
000090
000091
000092
000093
000094
000095
000096
000097
000098
000099
000100
000101
000103
000104
000105
000106
000107
000109
000110
000111
000112
000113
000114
000115
000117
000118
000119
000120
000121
000123
000124
000125
000127
000129
000130
000131
000133
000134
000136
000137
000138
000140
000141
000142
000143
000144
000145
000146
000147
000148
000149
000150
000152
000153
000154
000155
000156
000157
000158
000159
000160
000161
000162
000163
000164
000165
000166
000168
000169
000170
000171
000172
000176
000177
000178
000179
000180
000181
000182
000183
000184
000185
000189
000191
000192
000193
000194
000195
000196
000197
000198
000200
000201
000202
000203
000205
000206
000207
000208
000209
000210
000211
000212
000213
000214
000215
000216
000217
000219
000220
000221
000222
000223
000225
000227
000228
000229
000230
000231
000232
000233
000234
000235
000236
000238
000240
000241
000242
000243
000244
000245
000246
000247
000248
000249
000250
000252
000253
000254
000255
000256
000257
000258
000259
000261
000263
000264
000265
000266
000267
000269
000270
000271
000272
000274
000275
000276
000277
000278
000279
000280
000282
000283
000285
000286
000287
000288
000289
000291
000292
000294
000295
000296
000297
000298
000299
000300
000301
000303
000304
000306
000307
000309
000310
000312
000313
000315
000316
000317
000318
000322
000324
000325
000326
000328
000329
000330
000331
000332
000333
000334
000337
000338
000339
000341
000342
000343
000344
000345
000347
000348
000349
000351
000352
000353
000354
000356
000357
000358
000359
000362
000363
000364
000365
000366
000367
000368
000370
000371
000373
000374
000375
000377
000378
000379
000380
000381
000382
000383
000384
000385
000386
000387
000389
000390
000391
000393
000394
000395
000397
000398
000399
000400
000403
000404
000405
000406
000407
000408
000410
000411
000412
000414
000415
000416
000417
000418
000419
000420
000421
000423
000424
000425
000426
000427
000430
000431
000432
000433
000434
000435
000436
000437
000438
000439
000441
000442
000443
000444
000445
000447
000448
000449
000453
000454
000455
000456
000458
000459
000460
000461
000462
000463
000464
000465
000466
000467
000468
000469
000470
000471
000473
000474
000475
000476
000477
000478
000480
000481
000482
000483
000484
000486
000487
000488
000489
000490
000492
000494
000495
000496
000497
000499
000500
000501
000502
000503
000504
000505
000507
000511
000512
000513
000514
000515
000516
000517
000518
000520
000521
000522
000523
000525
000526
000528
000529
000530
000531
000532
000533
000534
000535
000537
000538
000539
000540
000542
000543
000544
000545
000546
000547
000548
000549
000550
000551
000552
000553
000555
000556
000557
000558
000562
000563
000565
000566
000567
000570
000571
000573
000574
000575
000576
000577
000578
000579
000580
000582
000583
000584
000585
000586
000587
000588
000589
000590
000591
000592
000593
000594
000595
000596
000597
000598
000599
000602
000603
000604
000605
000606
000607
000608
000609
000612
000613
000615
000616
000617
000618
000620
000621
000622
000623
000624
000625
000626
000627
000628
000629
000631
000632
000633
000635
000637
000638
000639
000640
000641
000642
000643
000645
000646
000648
000649
000651
000652
000653
000654
000656
000657
000658
000659
000660
000661
000662
000663
000664
000665
000666
000667
000668
000670
000671
000672
000673
000674
000675
000676
000677
000678
000680
000681
000682
000683
000684
000685
000686
000687
000688
000689
000690
000693
000694
000695
000696
000697
000700
000701
000703
000705
000707
000708
000709
000710
000711
000712
000713
000714
000715
000717
000718
000719
000720
000723
000724
000725
000726
000729
000730
000732
000733
000735
000736
000737
000738
000739
000740
000741
000742
000743
000744
000746
000747
000748
000749
000750
000752
000753
000754
000755
000756
000757
000758
000759
000760
000762
000763
000764
000765
000767
000768
000769
000770
000771
000773
000774
000775
000776
000777
000779
000780
000781
000783
000784
000785
000786
000787
000788
000789
000791
000793
000794
000795
000796
000797
000799
000801
000802
000804
000805
000806
000807
000808
000809
000811
000812
000813
000814
000815
000816
000817
000818
000819
000820
000821
000822
000824
000825
000826
000827
000828
000829
000830
000831
000832
000833
000834
000835
000836
000839
000840
000842
000844
000845
000846
000848
000849
000851
000853
000854
000855
000856
000857
000858
000859
000860
000861
000862
000863
000864
000865
000866
000867
000868
000870
000871
000872
000873
000874
000876
000877
000879
000880
000881
000882
000883
000884
000886
000887
000888
000890
000891
000892
000895
000896
000897
000898
000899
000900
000901
000902
000903
000904
000905
000906
000908
000910
000911
000913
000914
000915
000916
000917
000918
000919
000921
000922
000923
000924
000925
000927
000928
000929
000932
000933
000934
000935
000936
000937
000938
000940
000941
000943
000944
000945
000946
000947
000948
000949
000950
000951
000952
000954
000955
000957
000959
000960
000962
000965
000968
000969
000970
000972
000974
000975
000976
000977
000978
000979
000980
000982
000983
000985
000986
000987
000988
000989
000990
000992
000993
000994
000995
000996
000997
000998
000999
001000
001001
001002
001003
001004
001005
001006
001007
001009
001010
001011
001012
001013
001014
001015
001016
001017
001020
001023
001024
001026
001028
001029
001030
001031
001032
001033
001034
001035
001036
001038
001040
001041
001042
001043
001044
001045
001046
001047
001048
001049
001051
001052
001053
001054
001055
001056
001057
001058
001059
001060
001061
001062
001063
001064
001065
001066
001068
001069
001072
001073
001074
001075
001076
001079
001080
001081
001082
001085
001086
001087
001088
001089
001090
001091
001092
001093
001094
001096
001097
001098
001100
001102
001103
001104
001105
001106
001107
001109
001110
001112
001114
001115
001116
001117
001119
001120
001121
001122
001124
001125
001126
001127
001128
001129
001130
001133
001134
001136
001137
001140
001142
001143
001144
001146
001147
001149
001150
001151
001152
001155
001156
001157
001158
001159
001160
001161
001164
001165
001166
001168
001169
001170
001171
001173
001174
001175
001177
001178
001179
001180
001181
001184
001185
001186
001187
001190
001194
001196
001197
001198
001199
001200
001201
001202
001203
001204
001205
001206
001207
001208
001209
001210
001211
001212
001213
001215
001216
001217
001218
001219
001220
001221
001222
001223
001224
001225
001226
001227
001229
001230
001231
001233
001234
001236
001237
001238
001239
001240
001241
001242
001245
001247
001248
001250
001252
001253
001254
001255
001256
001258
001259
001260
001262
001263
001264
001265
001266
001269
001272
001275
001276
001277
001278
001279
001280
001281
001282
001283
001284
001285
001286
001287
001288
001290
001291
001292
001293
001295
001297
001298
001299
001300
001301
001302
001303
001305
001306
001307
001308
001309
001310
001311
001312
001313
001315
001316
001317
001318
001319
001320
001321
001322
001323
001324
001325
001326
001327
001328
001329
001330
001332
001334
001335
001336
001337
001338
001340
001341
001343
001344
001346
001347
001348
001349
001351
001352
001353
001354
001356
001357
001358
001359
001360
001361
001362
001364
001365
001366
001367
001368
001369
001370
001371
001373
001374
001375
001376
001378
001379
001381
001382
001383
001385
001386
001388
001390
001392
001393
001394
001395
001396
001397
001398
001399
001400
001401
001402
001403
001404
001405
001406
001407
001408
001409
001411
001413
001414
001415
001416
001417
001418
001420
001422
001423
001424
001425
001426
001428
001429
001430
001431
001432
001433
001434
001435
001436
001437
001438
001439
001440
001442
001443
001444
001446
001447
001448
001449
001450
001451
001452
001453
001454
001455
001456
001457
001458
001459
001460
001462
001463
001464
001465
001466
001467
001468
001469
001470
001471
001472
001473
001474
001475
001476
001477
001478
001479
001482
001483
001484
001486
001488
001489
001490
001491
001492
001493
001494
001495
001496
001497
001498
001499
001500
001502
001503
001504
001505
001506
001507
001508
001509
001510
001511
001512
001514
001515
001516
001517
001518
001519
001520
001521
001523
001524
001526
001527
001529
001530
001531
001532
001534
001537
001539
001540
001541
001542
001543
001544
001548
001549
001550
001551
001552
001553
001554
001556
001558
001559
001561
001563
001564
001565
001566
001568
001570
001571
001572
001574
001575
001576
001577
001578
001579
001580
001581
001584
001585
001586
001587
001589
001590
001591
001592
001593
001595
001596
001598
001599
001600
001601
001602
001603
001604
001606
001607
001608
001609
001610
001611
001612
001613
001614
001615
001617
001618
001619
001620
001622
001623
001624
001625
001626
001627
001628
001630
001632
001633
001636
001637
001638
001639
001640
001641
001642
001644
001646
001648
001649
001650
001651
001652
001653
001655
001656
001657
001659
001661
001662
001663
001664
001666
001668
001669
001670
001671
001672
001673
001674
001675
001676
001677
001678
001679
001681
001682
001685
001686
001687
001688
001689
001690
001691
001692
001694
001695
001696
001698
001700
001703
001707
001708
001709
001710
001711
001712
001713
001714
001715
001716
001717
001718
001720
001721
001723
001724
001725
001728
001730
001731
001732
001734
001735
001736
001737
001738
001739
001740
001742
001743
001744
001745
001746
001747
001748
001749
001752
001753
001754
001756
001757
001758
001759
001760
001761
001762
001763
001764
001765
001766
001767
001769
001770
001771
001772
001773
001774
001775
001776
001777
001779
001781
001782
001783
001784
001785
001787
001788
001789
001790
001791
001792
001793
001794
001796
001798
001799
001800
001803
001805
001806
001807
001809
001810
001811
001812
001813
001814
001815
001816
001818
001819
001820
001821
001823
001826
001827
001828
001829
001830
001831
001832
001833
001834
001835
001836
001837
001838
001839
001841
001842
001843
001844
001845
001846
001847
001848
001849
001850
001851
001853
001855
001856
001857
001860
001864
001865
001866
001867
001868
001870
001871
001872
001873
001874
001876
001877
001879
001881
001882
001883
001884
001885
001886
001887
001888
001889
001891
001892
001893
001894
001895
001896
001897
001898
001899
001900
001901
001902
001903
001904
001906
001907
001908
001909
001910
001911
001912
001913
001914
001915
001916
001917
001918
001919
001921
001922
001924
001926
001928
001929
001930
001931
001934
001935
001938
001939
001941
001944
001947
001948
001949
001950
001951
001952
001953
001954
001955
001956
001957
001958
001959
001960
001961
001962
001963
001964
001965
001967
001968
001969
001970
001971
001972
001973
001974
001975
001976
001977
001978
001981
001983
001987
001988
001989
001990
001991
001992
001993
001994
001995
001997
001998
002002
002003
002004
002005
002006
002007
002008
002009
002010
002011
002012
002014
002015
002016
002017
002018
002019
002020
002023
002024
002026
002028
002029
002030
002031
002032
002033
002034
002035
002036
002037
002039
002040
002041
002045
002046
002047
002051
002053
002054
002055
002056
002057
002059
002060
002061
002063
002064
002065
002066
002067
002068
002069
002070
002071
002072
002073
002074
002075
002076
002077
002078
002080
002083
002084
002085
002086
002087
002088
002089
002090
002092
002093
002094
002095
002096
002097
002098
002099
002100
002102
002103
002104
002105
002106
002107
002109
002110
002111
002112
002113
002114
002115
002116
002117
002119
002120
002121
002122
002123
002124
002125
002126
002127
002128
002129
002130
002132
002133
002134
002136
002138
002139
002140
002141
002143
002144
002145
002146
002147
002148
002149
002150
002152
002154
002155
002156
002157
002159
002162
002163
002164
002165
002166
002167
002168
002169
002170
002171
002172
002174
002175
002176
002177
002178
002179
002180
002181
002184
002185
002186
002187
002188
002189
002190
002191
002192
002193
002194
002195
002196
002197
002198
002199
002200
002201
002202
002203
002204
002205
002207
002208
002209
002210
002211
002212
002213
002214
002215
002217
002219
002221
002222
002223
002224
002225
002226
002227
002228
002229
002230
002231
002233
002235
002236
002237
002238
002239
002240
002241
002242
002244
002245
002247
002249
002250
002252
002253
002255
002256
002257
002258
002259
002260
002261
002263
002264
002265
002266
002267
002268
002269
002270
002271
002272
002273
002274
002275
002277
002278
002280
002281
002282
002283
002285
002287
002288
002289
002290
002292
002293
002294
002295
002296
002297
002298
002299
002301
002302
002303
002304
002305
002309
002310
002311
002312
002313
002314
002315
002316
002317
002318
002319
002321
002322
002323
002324
002325
002326
002327
002328
002329
002331
002332
002333
002335
002336
002337
002338
002339
002340
002341
002342
002343
002344
002348
002349
002350
002351
002352
002354
002355
002357
002358
002360
002361
002363
002364
002367
002368
002369
002370
002371
002372
002373
002374
002375
002376
002377
002378
002379
002380
002381
002382
002383
002384
002385
002386
002388
002389
002390
002393
002394
002395
002396
002398
002399
002400
002401
002402
002403
002405
002406
002407
002408
002409
002410
002412
002413
002415
002416
002417
002418
002421
002422
002423
002424
002426
002427
002428
002429
002430
002431
002432
002433
002434
002435
002436
002437
002438
002439
002440
002441
002443
002444
002445
002446
002447
002448
002449
002450
002451
002452
002453
002454
002455
002456
002457
002459
002460
002461
002464
002465
002466
002467
002468
002469
002470
002471
002472
002475
002476
002477
002478
002479
002480
002481
002482
002483
002484
002485
002486
002487
002489
002490
002491
002492
002493
002494
002495
002496
002497
002498
002499
002501
002502
002503
002504
002505
002506
002507
002508
002510
002511
002512
002513
002514
002515
002517
002518
002520
002522
002523
002524
002525
002527
002528
002529
002530
002532
002533
002535
002536
002537
002538
002539
002540
002542
002543
002544
002545
002546
002547
002548
002549
002550
002551
002553
002554
002555
002558
002559
002560
002561
002562
002563
002565
002566
002567
002568
002569
002571
002573
002574
002575
002576
002577
002578
002579
002581
002582
002583
002584
002586
002587
002588
002589
002590
002591
002592
002593
002595
002596
002597
002599
002602
002604
002605
002607
002608
002609
002610
002611
002613
002614
002616
002617
002618
002620
002621
002622
002623
002624
002627
002628
002629
002630
002632
002633
002634
002635
002637
002638
002639
002640
002641
002642
002643
002645
002647
002648
002649
002650
002652
002653
002654
002655
002658
002659
002660
002662
002663
002664
002665
002666
002667
002668
002669
002670
002671
002672
002673
002674
002676
002678
002679
002681
002682
002683
002684
002685
002687
002688
002689
002690
002691
002692
002694
002695
002697
002698
002699
002700
002701
002703
002704
002705
002706
002708
002710
002711
002712
002713
002714
002715
002716
002718
002719
002720
002721
002723
002724
002726
002727
002728
002729
002730
002731
002732
002733
002734
002735
002736
002737
002738
002739
002740
002741
002742
002743
002745
002748
002749
002750
002751
002752
002753
002754
002756
002757
002759
002761
002762
002763
002766
002767
002768
002769
002770
002771
002774
002776
002777
002778
002779
002780
002781
002782
002784
002785
002787
002788
002789
002790
002791
002792
002793
002794
002795
002797
002798
002799
002800
002802
002803
002804
002807
002808
002810
002811
002813
002814
002816
002817
002819
002820
002821
002822
002823
002824
002825
002826
002828
002829
002830
002832
002833
002834
002835
002836
002837
002838
002839
002840
002841
002842
002843
002844
002845
002846
002849
002850
002851
002852
002853
002854
002855
002857
002858
002859
002860
002861
002862
002864
002865
002867
002868
002869
002870
002871
002872
002873
002874
002876
002877
002878
002879
002880
002881
002882
002884
002886
002887
002888
002891
002892
002893
002894
002895
002897
002898
002899
002901
002903
002904
002905
002906
002907
002908
002909
002910
002912
002913
002915
002918
002919
002920
002921
002922
002923
002926
002927
002928
002929
002930
002931
002932
002933
002934
002936
002938
002939
002940
002941
002943
002944
002946
002947
002949
002950
002951
002952
002954
002955
002956
002957
002959
002961
002962
002963
002964
002965
002967
002968
002969
002970
002971
002972
002973
002974
002975
002977
002978
002979
002980
002981
002983
002984
002985
002986
002987
002988
002989
002990
002991
002992
002994
002995
002996
002997
002998
002999
003000
003001
003002
003003
003005
003008
003009
003012
003013
003014
003015
003016
003017
003018
003019
003020
003021
003023
003025
003026
003027
003028
003031
003032
003036
003037
003039
003040
003041
003044
003045
003046
003047
003049
003050
003051
003052
003056
003057
003059
003060
003063
003064
003065
003068
003069
003070
003071
003072
003074
003075
003077
003078
003079
003080
003081
003082
003083
003084
003085
003086
003087
003089
003090
003091
003092
003093
003094
003095
003096
003097
003098
003099
003100
003101
003103
003104
003105
003106
003108
003109
003111
003112
003113
003114
003115
003117
003119
003120
003121
003122
003123
003124
003125
003128
003129
003130
003131
003132
003135
003138
003139
003140
003142
003143
003145
003146
003147
003148
003149
003150
003151
003152
003153
003154
003155
003156
003157
003158
003160
003161
003162
003163
003164
003165
003166
003167
003168
003169
003170
003171
003173
003174
003175
003176
003178
003179
003180
003182
003183
003184
003185
003186
003188
003189
003191
003192
003193
003194
003195
003196
003197
003198
003199
003200
003201
003202
003205
003206
003208
003209
003210
003211
003212
003213
003215
003216
003217
003218
003219
003220
003222
003223
003224
003225
003226
003227
003228
003230
003231
003233
003234
003235
003237
003238
003239
003240
003241
003242
003243
003244
003245
003246
003248
003249
003251
003252
003253
003256
003258
003260
003261
003262
003263
003264
003265
003266
003267
003268
003269
003270
003271
003272
003273
003274
003276
003277
003278
003279
003280
003281
003282
003283
003284
003285
003286
003287
003289
003290
003291
003292
003293
003294
003295
003297
003298
003299
003300
003301
003302
003303
003304
003307
003308
003309
003311
003312
003313
003314
003317
003318
003319
003320
003321
003323
003324
003326
003327
003328
003329
003330
003331
003332
003333
003334
003335
003336
003338
003339
003340
003342
003344
003345
003346
003347
003348
003349
003353
003354
003355
003356
003359
003360
003361
003362
003363
003364
003367
003369
003371
003372
003373
003374
003376
003377
003378
003380
003381
003382
003383
003384
003387
003388
003389
003390
003391
003392
003393
003394
003398
003400
003401
003404
003406
003407
003410
003412
003413
003414
003415
003416
003417
003418
003420
003421
003422
003423
003424
003426
003427
003428
003429
003430
003431
003432
003433
003436
003437
003438
003439
003440
003441
003442
003444
003445
003446
003447
003448
003450
003451
003452
003453
003454
003455
003457
003458
003459
003460
003462
003463
003465
003466
003467
003468
003471
003472
003473
003474
003475
003476
003477
003479
003481
003483
003485
003486
003487
003490
003492
003493
003494
003495
003496
003497
003498
003499
003500
003501
003502
003504
003505
003507
003508
003509
003510
003512
003513
003514
003516
003518
003519
003522
003523
003525
003526
003528
003532
003533
003534
003536
003537
003538
003539
003540
003541
003542
003543
003544
003545
003546
003547
003548
003549
003551
003553
003554
003555
003556
003557
003558
003560
003561
003562
003563
003564
003565
003566
003567
003568
003569
003570
003571
003572
003573
003574
003575
003576
003577
003578
003579
003580
003581
003584
003585
003586
003587
003589
003590
003591
003592
003593
003594
003595
003596
003597
003598
003599
003601
003602
003603
003605
003606
003607
003608
003610
003611
003612
003613
003614
003615
003616
003617
003619
003621
003624
003625
003626
003627
003628
003631
003633
003634
003635
003636
003637
003638
003639
003640
003641
003642
003644
003646
003648
003649
003650
003651
003652
003654
003656
003657
003659
003660
003661
003662
003663
003664
003665
003666
003667
003668
003669
003670
003672
003673
003674
003675
003678
003679
003680
003681
003682
003684
003685
003686
003687
003692
003693
003694
003695
003696
003697
003698
003699
003700
003701
003703
003704
003705
003706
003707
003708
003709
003710
003711
003712
003713
003714
003716
003717
003718
003720
003721
003722
003724
003725
003727
003729
003730
003731
003732
003733
003734
003737
003738
003740
003741
003742
003743
003744
003745
003746
003748
003749
003750
003751
003752
003753
003754
003755
003756
003757
003758
003759
003760
003761
003762
003763
003765
003766
003767
003768
003770
003771
003772
003773
003774
003776
003778
003779
003780
003781
003782
003783
003784
003785
003786
003787
003788
003789
003790
003791
003792
003795
003796
003797
003798
003799
003800
003801
003802
003803
003806
003809
003810
003811
003812
003813
003814
003815
003816
003817
003818
003819
003821
003822
003823
003824
003825
003826
003829
003830
003831
003832
003833
003834
003836
003838
003839
003840
003842
003843
003844
003845
003846
003848
003849
003850
003851
003852
003853
003854
003855
003856
003857
003858
003861
003862
003863
003865
003867
003868
003871
003872
003873
003874
003875
003876
003877
003880
003881
003882
003883
003884
003886
003887
003888
003889
003891
003892
003893
003894
003895
003896
003897
003898
003900
003902
003903
003904
003906
003907
003908
003909
003910
003911
003912
003913
003915
003916
003917
003918
003919
003920
003921
003922
003923
003925
003926
003927
003928
003929
003930
003931
003932
003933
003934
003935
003936
003938
003939
003940
003941
003942
003943
003944
003945
003946
003947
003949
003951
003952
003953
003954
003955
003956
003957
003959
003960
003963
003964
003966
003967
003968
003969
003970
003971
003973
003974
003975
003976
003977
003978
003979
003981
003983
003984
003985
003986
003987
003988
003989
003990
003991
003992
003993
003994
003995
003996
003997
003998
003999
004000
004002
004003
004004
004005
004006
004009
004010
004011
004012
004013
004014
004015
004016
004017
004018
004019
004020
004021
004022
004023
004024
004025
004028
004029
004030
004031
004032
004033
004034
004035
004036
004037
004039
004041
004042
004043
004044
004045
004046
004047
004049
004050
004051
004052
004053
004054
004056
004057
004058
004060
004061
004062
004064
004066
004067
004068
004069
004070
004071
004072
004073
004074
004075
004076
004077
004078
004079
004080
004081
004082
004084
004085
004086
004087
004088
004090
004093
004094
004095
004097
004098
004099
004102
004103
004104
004105
004106
004107
004108
004109
004111
004112
004114
004115
004120
004123
004124
004125
004126
004127
004128
004129
004130
004132
004133
004134
004135
004136
004137
004138
004139
004140
004141
004142
004144
004145
004146
004147
004148
004149
004150
004151
004154
004155
004158
004159
004160
004161
004162
004163
004164
004165
004166
004167
004168
004169
004170
004171
004173
004175
004176
004177
004178
004179
004180
004181
004182
004183
004184
004186
004187
004189
004190
004192
004193
004194
004195
004196
004197
004198
004199
004200
004201
004202
004203
004204
004206
004207
004208
004209
004210
004211
004212
004213
004215
004216
004217
004218
004219
004222
004223
004224
004225
004226
004227
004228
004229
004230
004231
004232
004233
004234
004235
004236
004238
004239
004240
004242
004243
004244
004245
004246
004247
004248
004250
004252
004253
004254
004256
004257
004258
004261
004262
004264
004265
004266
004267
004268
004269
004272
004273
004274
004275
004276
004277
004279
004281
004282
004283
004284
004285
004286
004287
004288
004290
004291
004292
004293
004294
004296
004297
004301
004302
004304
004305
004306
004308
004310
004311
004312
004313
004315
004316
004317
004320
004321
004322
004324
004325
004328
004331
004332
004333
004334
004335
004338
004339
004340
004341
004344
004345
004346
004347
004348
004350
004351
004352
004354
004355
004356
004357
004358
004359
004361
004362
004365
004366
004369
004370
004371
004372
004375
004376
004377
004378
004379
004380
004381
004382
004383
004386
004387
004388
004389
004390
004394
004395
004396
004397
004399
004400
004401
004402
004403
004405
004406
004407
004408
004409
004410
004411
004412
004413
004414
004415
004416
004417
004418
004420
004422
004423
004427
004428
004429
004431
004432
004434
004435
004436
004437
004438
004439
004440
004441
004442
004443
004444
004445
004446
004447
004448
004449
004450
004451
004452
004453
004454
004455
004456
004457
004458
004459
004460
004461
004463
004464
004465
004466
004467
004468
004470
004471
004473
004474
004476
004477
004478
004479
004480
004481
004483
004484
004485
004486
004487
004488
004490
004491
004492
004494
004495
004497
004498
004499
004500
004501
004503
004504
004505
004506
004507
004508
004509
004510
004511
004512
004513
004514
004515
004516
004518
004519
004522
004523
004524
004525
004528
004529
004530
004533
004535
004536
004537
004538
004539
004541
004542
004543
004544
004545
004546
004550
004552
004554
004555
004558
004559
004560
004561
004563
004564
004565
004566
004567
004568
004569
004571
004572
004573
004575
004576
004577
004578
004579
004580
004581
004582
004583
004584
004585
004586
004587
004588
004589
004590
004592
004593
004594
004595
004596
004597
004598
004600
004601
004602
004603
004604
004605
004606
004607
004609
004611
004612
004613
004614
004616
004617
004619
004620
004621
004623
004624
004625
004626
004627
004628
004629
004630
004631
004632
004633
004635
004637
004638
004639
004640
004641
004642
004643
004645
004646
004647
004649
004651
004652
004653
004654
004655
004656
004657
004659
004660
004661
004662
004663
004664
004665
004666
004667
004668
004670
004671
004672
004674
004675
004676
004677
004678
004680
004681
004684
004685
004686
004689
004690
004691
004695
004696
004697
004698
004699
004701
004702
004703
004704
004706
004707
004709
004712
004715
004716
004717
004718
004719
004720
004722
004723
004724
004726
004727
004728
004729
004730
004731
004732
004733
004735
004736
004739
004741
004742
004744
004746
004747
004748
004749
004750
004751
004752
004753
004754
004755
004756
004757
004758
004759
004760
004761
004762
004763
004764
004765
004766
004767
004769
004770
004771
004772
004773
004774
004775
004776
004777
004778
004779
004780
004781
004783
004784
004785
004786
004788
004789
004790
004791
004792
004793
004794
004795
004796
004798
004799
004801
004802
004803
004805
004806
004808
004809
004811
004812
004815
004816
004817
004818
004819
004820
004822
004823
004824
004825
004826
004827
004828
004829
004830
004831
004833
004834
004835
004836
004837
004838
004840
004841
004842
004843
004844
004845
004846
004847
004850
004851
004853
004854
004855
004856
004857
004858
004859
004860
004862
004864
004865
004866
004869
004870
004872
004873
004876
004877
004878
004879
004880
004881
004882
004883
004884
004886
004887
004889
004890
004891
004892
004893
004894
004896
004897
004898
004899
004900
004901
004903
004906
004907
004908
004910
004911
004912
004913
004914
004915
004916
004918
004919
004921
004922
004923
004924
004925
004926
004928
004930
004931
004932
004933
004934
004936
004937
004938
004939
004940
004941
004943
004944
004945
004947
004948
004950
004951
004952
004953
004954
004955
004956
004957
004959
004961
004964
004965
004967
004968
004969
004970
004971
004972
004973
004974
004975
004976
004977
004978
004980
004981
004982
004984
004985
004987
004988
004989
004991
004992
004993
004994
004996
004997
004998
004999
005000
005001
005002
005003
005005
005006
005007
005009
005010
005011
005012
005014
005015
005016
005017
005018
005020
005021
005022
005023
005024
005025
005027
005028
005029
005030
005031
005032
005033
005035
005036
005037
005038
005039
005040
005041
005042
005043
005044
005045
005046
005047
005048
005049
005050
005051
005052
005054
005055
005056
005058
005059
005060
005061
005062
005064
005065
005066
005067
005069
005070
005071
005075
005076
005078
005079
005081
005082
005083
005084
005085
005086
005087
005088
005089
005091
005092
005094
005096
005097
005098
005099
005100
005101
005102
005103
005104
005106
005107
005108
005109
005110
005111
005112
005113
005114
005115
005116
005117
005118
005119
005122
005123
005124
005126
005127
005129
005130
005131
005132
005133
005134
005136
005137
005139
005142
005143
005146
005147
005148
005150
005151
005152
005153
005154
005155
005159
005160
005162
005165
005166
005167
005168
005169
005170
005171
005172
005173
005175
005176
005177
005178
005180
005182
005183
005185
005186
005187
005188
005192
005193
005194
005195
005196
005197
005200
005202
005203
005204
005205
005206
005207
005208
005209
005210
005211
005212
005213
005214
005215
005216
005219
005220
005222
005223
005224
005225
005226
005227
005228
005229
005231
005232
005233
005235
005236
005237
005238
005239
005242
005243
005244
005245
005246
005247
005248
005249
005250
005251
005252
005253
005254
005255
005256
005257
005258
005259
005261
005262
005263
005264
005265
005266
005269
005270
005271
005272
005274
005275
005276
005277
005278
005281
005283
005285
005286
005287
005288
005289
005290
005291
005292
005293
005294
005295
005296
005297
005298
005300
005301
005302
005303
005304
005305
005306
005309
005310
005313
005314
005317
005318
005319
005320
005322
005324
005326
005327
005328
005329
005330
005331
005332
005333
005335
005336
005337
005338
005339
005340
005341
005344
005345
005346
005347
005348
005350
005351
005352
005353
005354
005355
005356
005357
005358
005359
005360
005361
005362
005363
005364
005366
005367
005368
005370
005371
005372
005373
005374
005376
005378
005379
005380
005381
005382
005383
005384
005386
005387
005388
005389
005390
005392
005393
005394
005395
005396
005397
005398
005399
005400
005401
005402
005403
005406
005407
005408
005409
005410
005411
005412
005414
005415
005416
005417
005418
005419
005420
005421
005424
005425
005427
005428
005431
005432
005433
005434
005435
005436
005438
005439
005440
005441
005442
005445
005446
005447
005450
005451
005454
005455
005456
005457
005458
005459
005460
005461
005462
005463
005464
005465
005466
005468
005469
005470
005471
005472
005473
005475
005476
005477
005478
005480
005481
005482
005483
005484
005485
005486
005487
005488
005489
005490
005491
005492
005493
005494
005495
005496
005497
005499
005500
005501
005502
005503
005504
005505
005506
005507
005508
005509
005510
005511
005512
005513
005514
005515
005516
005517
005518
005519
005520
005521
005522
005523
005524
005525
005526
005527
005528
005529
005530
005533
005534
005535
005536
005537
005538
005539
005540
005541
005542
005543
005545
005547
005548
005549
005550
005551
005552
005553
005554
005555
005558
005560
005561
005562
005563
005564
005567
005568
005569
005572
005573
005574
005575
005576
005577
005578
005579
005580
005582
005583
005584
005585
005587
005589
005591
005592
005593
005594
005597
005598
005599
005600
005601
005602
005603
005604
005605
005606
005607
005608
005609
005611
005612
005614
005615
005616
005617
005618
005619
005620
005621
005622
005623
005624
005626
005627
005628
005629
005631
005632
005635
005636
005637
005638
005639
005640
005641
005644
005645
005646
005647
005648
005649
005651
005652
005653
005654
005655
005656
005657
005658
005659
005661
005663
005665
005666
005667
005668
005670
005671
005672
005674
005675
005676
005677
005678
005679
005681
005682
005683
005684
005686
005687
005688
005690
005691
005692
005693
005694
005695
005696
005697
005700
005701
005702
005703
005705
005706
005707
005708
005709
005710
005711
005712
005713
005715
005716
005717
005718
005719
005720
005721
005722
005723
005726
005727
005728
005729
005730
005732
005733
005734
005736
005737
005738
005741
005742
005744
005745
005746
005747
005748
005749
005750
005752
005753
005754
005755
005756
005758
005759
005760
005761
005764
005765
005766
005767
005768
005769
005770
005771
005772
005773
005774
005775
005776
005778
005779
005780
005781
005783
005784
005785
005787
005788
005789
005791
005792
005795
005796
005797
005798
005799
005800
005801
005802
005803
005804
005805
005808
005809
005810
005811
005812
005813
005814
005815
005816
005817
005818
005823
005824
005825
005827
005828
005830
005831
005832
005833
005835
005836
005837
005838
005840
005841
005842
005843
005844
005845
005846
005847
005848
005849
005850
005851
005852
005853
005854
005855
005857
005858
005859
005860
005861
005862
005863
005864
005865
005866
005867
005868
005870
005871
005872
005873
005874
005875
005877
005878
005879
005880
005882
005884
005885
005886
005887
005888
005889
005890
005891
005893
005895
005896
005897
005898
005899
005900
005902
005903
005904
005905
005906
005907
005908
005910
005912
005913
005914
005915
005916
005917
005918
005920
005921
005923
005924
005925
005926
005928
005929
005930
005932
005934
005936
005937
005938
005940
005941
005942
005943
005945
005946
005948
005949
005950
005951
005953
005954
005956
005957
005958
005959
005960
005961
005963
005964
005965
005966
005967
005968
005969
005970
005971
005972
005973
005974
005975
005976
005977
005978
005979
005980
005981
005983
005984
005987
005989
005990
005991
005992
005993
005994
005995
005997
005998
006000
006001
006003
006004
006005
006006
006007
006008
006010
006011
006012
006013
006015
006016
006017
006018
006019
006020
006021
006022
006023
006024
006025
006027
006028
006029
006031
006032
006034
006035
006036
006037
006039
006040
006041
006042
006044
006045
006049
006050
006051
006052
006053
006054
006055
006056
006057
006058
006059
006061
006064
006065
006068
006069
006072
006073
006075
006076
006077
006079
006080
006081
006082
006083
006084
006085
006086
006087
006088
006089
006090
006091
006092
006094
006095
006096
006098
006099
006100
006101
006103
006104
006105
006106
006107
006108
006109
006110
006111
006112
006113
006114
006116
006117
006119
006120
006122
006123
006124
006126
006127
006128
006129
006131
006132
006134
006135
006137
006138
006140
006141
006142
006143
006144
006145
006146
006147
006149
006150
006151
006152
006153
006155
006157
006158
006159
006160
006161
006162
006163
006164
006166
006167
006168
006170
006171
006172
006173
006174
006175
006178
006179
006180
006181
006183
006184
006185
006188
006189
006190
006191
006192
006193
006194
006195
006196
006197
006198
006199
006200
006201
006202
006203
006204
006205
006206
006207
006208
006209
006211
006212
006213
006214
006215
006216
006217
006218
006220
006221
006222
006223
006224
006225
006226
006228
006229
006230
006231
006232
006233
006234
006235
006236
006237
006239
006240
006241
006242
006243
006244
006245
006248
006249
006250
006251
006252
006253
006254
006255
006256
006257
006259
006260
006261
006262
006263
006264
006265
006266
006268
006269
006271
006272
006273
006274
006275
006276
006277
006279
006280
006281
006282
006283
006284
006285
006287
006288
006289
006290
006291
006292
006293
006294
006295
006296
006297
006298
006299
006301
006302
006303
006304
006305
006306
006307
006308
006309
006310
006311
006312
006313
006315
006316
006318
006319
006320
006321
006323
006325
006326
006327
006328
006329
006330
006334
006335
006336
006337
006338
006339
006341
006342
006343
006344
006345
006346
006347
006348
006350
006351
006352
006353
006356
006358
006359
006360
006361
006362
006363
006364
006365
006366
006367
006369
006372
006373
006374
006375
006376
006378
006380
006381
006382
006383
006384
006385
006387
006389
006390
006391
006392
006393
006394
006395
006396
006397
006398
006399
006400
006401
006402
006403
006404
006405
006406
006407
006408
006409
006410
006412
006413
006414
006416
006418
006419
006420
006421
006422
006423
006425
006426
006427
006428
006429
006430
006431
006432
006433
006435
006437
006438
006442
006443
006446
006447
006448
006449
006450
006452
006453
006454
006455
006456
006457
006458
006459
006460
006461
006463
006464
006466
006467
006468
006469
006471
006472
006476
006477
006479
006480
006481
006485
006486
006487
006488
006489
006490
006492
006494
006495
006496
006497
006498
006499
006500
006501
006502
006503
006504
006506
006507
006508
006509
006510
006511
006512
006513
006514
006515
006516
006517
006518
006519
006521
006522
006523
006526
006527
006528
006534
006536
006537
006538
006539
006540
006541
006542
006543
006544
006545
006546
006547
006548
006549
006550
006552
006554
006555
006557
006559
006560
006562
006563
006564
006565
006566
006567
006569
006571
006572
006573
006575
006577
006579
006580
006582
006583
006584
006585
006587
006589
006590
006591
006592
006593
006594
006596
006598
006599
006600
006601
006602
006604
006605
006606
006607
006608
006609
006610
006612
006613
006614
006615
006616
006617
006618
006619
006620
006621
006622
006624
006626
006627
006628
006630
006631
006633
006634
006635
006637
006638
006639
006640
006642
006644
006645
006646
006648
006649
006650
006651
006652
006653
006654
006655
006656
006657
006660
006661
006662
006663
006664
006665
006666
006667
006668
006671
006672
006673
006675
006676
006678
006679
006680
006681
006683
006684
006687
006688
006689
006690
006691
006693
006694
006697
006699
006700
006701
006702
006703
006704
006705
006706
006707
006708
006709
006710
006711
006712
006713
006714
006716
006717
006718
006719
006721
006722
006723
006724
006725
006727
006728
006730
006732
006735
006736
006737
006739
006740
006741
006742
006743
006746
006747
006748
006749
006750
006752
006753
006754
006756
006757
006759
006760
006763
006766
006767
006768
006769
006772
006773
006774
006775
006776
006778
006779
006780
006783
006784
006785
006786
006787
006788
006789
006790
006791
006792
006793
006795
006796
006797
006799
006800
006801
006802
006804
006805
006807
006808
006809
006810
006812
006813
006814
006815
006817
006819
006820
006821
006822
006823
006824
006825
006826
006827
006828
006829
006830
006831
006832
006833
006834
006835
006837
006838
006839
006840
006841
006842
006843
006845
006846
006847
006848
006849
006850
006851
006853
006854
006855
006857
006858
006859
006860
006861
006862
006863
006864
006865
006866
006867
006868
006869
006870
006871
006872
006873
006874
006875
006877
006878
006880
006882
006883
006885
006886
006887
006888
006890
006891
006892
006893
006894
006896
006897
006898
006899
006900
006901
006902
006903
006904
006905
006908
006909
006910
006911
006912
006913
006915
006916
006917
006918
006919
006920
006921
006922
006923
006924
006925
006926
006927
006928
006929
006930
006931
006932
006933
006934
006935
006937
006938
006939
006940
006941
006942
006944
006946
006947
006949
006951
006952
006954
006955
006956
006957
006958
006959
006960
006961
006963
006965
006966
006967
006969
006970
006971
006972
006973
006974
006975
006976
006977
006979
006981
006983
006984
006985
006986
006987
006988
006989
006991
006992
006993
006995
006996
006998
006999
007001
007002
007003
007004
007007
007008
007009
007010
007012
007013
007014
007015
007016
007017
007018
007020
007021
007022
007024
007025
007026
007027
007031
007032
007033
007034
007035
007036
007037
007038
007039
007040
007041
007043
007044
007045
007046
007047
007048
007049
007050
007051
007053
007054
007055
007056
007057
007058
007060
007062
007063
007064
007066
007068
007069
007070
007072
007073
007075
007077
007079
007081
007084
007085
007086
007088
007089
007090
007091
007092
007093
007094
007095
007096
007097
007098
007099
007101
007102
007104
007105
007106
007107
007108
007111
007113
007114
007116
007117
007118
007119
007120
007121
007122
007123
007124
007126
007127
007128
007129
007130
007131
007134
007136
007137
007138
007140
007141
007142
007143
007144
007145
007146
007147
007148
007149
007150
007151
007152
007153
007154
007155
007156
007157
007158
007159
007160
007161
007164
007167
007168
007169
007170
007171
007172
007173
007174
007175
007177
007178
007179
007180
007181
007182
007183
007184
007185
007186
007187
007188
007189
007190
007191
007192
007193
007194
007195
007196
007197
007198
007199
007202
007203
007204
007205
007206
007207
007208
007209
007211
007212
007213
007216
007218
007220
007221
007222
007223
007224
007226
007228
007229
007230
007231
007232
007234
007235
007236
007237
007238
007239
007241
007242
007243
007244
007245
007247
007248
007249
007250
007251
007252
007254
007255
007257
007258
007259
007260
007262
007263
007264
007266
007267
007268
007269
007270
007272
007274
007275
007276
007277
007278
007281
007282
007284
007285
007286
007287
007288
007289
007290
007293
007295
007296
007297
007298
007299
007301
007302
007304
007305
007306
007307
007308
007310
007311
007312
007313
007314
007315
007316
007317
007319
007320
007321
007323
007324
007325
007326
007327
007328
007329
007332
007333
007334
007335
007336
007338
007339
007340
007341
007342
007344
007346
007347
007348
007349
007350
007351
007352
007353
007354
007355
007356
007357
007358
007361
007362
007363
007365
007366
007367
007368
007369
007370
007372
007373
007374
007378
007379
007380
007381
007382
007386
007387
007388
007390
007391
007392
007393
007394
007395
007396
007398
007399
007400
007402
007404
007405
007406
007408
007409
007414
007415
007417
007418
007420
007424
007425
007427
007428
007429
007430
007431
007432
007433
007435
007436
007437
007438
007439
007440
007441
007442
007443
007444
007445
007446
007448
007450
007451
007452
007454
007455
007456
007457
007458
007459
007460
007461
007462
007463
007465
007469
007470
007471
007472
007473
007474
007476
007477
007479
